1.516831e-09
1.0
0.27684882
0.68083215
1.0
3.438504e-12
0.24645773
1.0
1.0
6.2325694e-14
0.9935115
0.0077973627
0.14428355
1.0
3.3387192e-07
0.0003094206
0.0006721891
6.891928e-08
0.0001278329
0.8432292
0.9997081
8.4300556e-19
1.0
0.0001098796
0.992147
1.0
2.319905e-22
0.0003093728
2.0197436e-05
0.00046710268
0.25711185
0.9739261
5.963968e-15
0.0049078735
2.0096778e-09
6.0330036e-15
0.9999738
1.0
0.99999654
0.30143735
0.9999914
0.0006028256
0.839211
0.020563675
0.9998393
0.9028366
0.02583084
2.5351317e-09
4.299858e-05
0.81808525
0.024033185
0.011491465
1.0
0.24197796
1.0
0.99999666
0.9190895
0.810559
6.1541973e-16
0.1938117
0.045561537
0.87800884
0.00070451206
0.99809057
2.3948139e-24
0.0068274518
0.9992836
8.607837e-07
0.011296655
1.3346587e-05
1.4428966e-05
0.92608094
0.32178494
0.9999987
5.8524696e-05
0.0011071722
0.99996305
0.00799855
0.0007103443
0.005358915
0.9599997
0.9975744
5.7751193e-05
0.013356379
5.0212773e-05
0.66371197
0.9996866
0.99980766
0.0252632
2.2140315e-15
9.4002763e-07
0.9801118
0.023138067
0.31245643
1.3586471e-06
4.77068e-05
0.86386865
0.006448145
4.962176e-06
0.00031023138
0.99999726
3.2423195e-06
0.0039163856
0.8340411
5.9992704e-05
0.32522222
1.0
0.00052411505
0.004119148
0.0009502595
0.9107017
1.0
5.204271e-07
0.64983577
0.19011202
3.7888113e-11
1.0728328e-06
7.2740597e-10
0.86539495
0.07267809
0.00035105954
9.5680676e-05
0.6478877
2.5207908e-10
3.887148e-11
5.6334055e-05
0.27207497
0.9999831
0.30996573
0.0034319253
0.8163048
2.970716e-06
0.99990094
4.8107733e-05
0.99980336
0.013859503
0.99999166
0.0006646237
1.0
0.00077461073
1.0
0.03898788
0.90817547
0.7773878