1.0
1.0133628e-09
0.72315115
0.3191678
4.2934452e-13
1.0
0.7535423
2.8129745e-19
1.6267085e-08
1.0
0.0064885095
0.99220264
0.85571647
2.8216007e-14
0.99999964
0.99969065
0.9993278
0.9999999
0.9998722
0.15677084
0.00029188054
1.0
2.9230865e-10
0.9998901
0.007852957
7.708195e-11
1.0
0.99969065
0.99997985
0.99953294
0.74288815
0.026073905
1.0
0.99509215
1.0
1.0
2.6265403e-05
9.740774e-09
3.4859556e-06
0.6985627
8.539061e-06
0.99939716
0.16078895
0.97943634
0.00016070755
0.0971634
0.9741692
1.0
0.99995697
0.18191475
0.9759669
0.9885085
3.0925156e-18
0.758022
7.0440567e-12
3.3016493e-06
0.08091052
0.189441
1.0
0.80618834
0.95443845
0.12199114
0.9992955
0.0019093778
1.0
0.99317247
0.0007164536
0.99999917
0.9887033
0.99998665
0.9999856
0.07391905
0.6782151
1.3569455e-06
0.99994147
0.99889284
3.6964706e-05
0.9920014
0.99928963
0.99464107
0.04000028
0.0024256618
0.9999423
0.9866436
0.9999498
0.33628806
0.00031337462
0.00019237473
0.97473675
1.0
0.99999905
0.019888265
0.9768619
0.6875435
0.9999987
0.9999523
0.13613133
0.99355185
0.999995
0.9996898
2.7420324e-06
0.9999968
0.9960836
0.1659589
0.99994004
0.6747778
1.8742682e-10
0.9994759
0.99588084
0.9990497
0.089298286
4.364895e-16
0.9999995
0.35016418
0.809888
1.0
0.9999989
1.0
0.1346051
0.9273219
0.9996489
0.9999043
0.35211223
1.0
1.0
0.9999436
0.727925
1.6962971e-05
0.6900342
0.9965681
0.18369521
0.999997
9.900751e-05
0.99995184
0.0001966516
0.9861405
8.289181e-06
0.99933535
1.4300618e-11
0.9992254
5.108134e-12
0.9610122
0.09182455
0.22261228