5.48422e-06
0.0059755184
0.70086855
0.040679663
0.92023355
0.0023305411
0.9989095
0.03757289
0.027198574
0.062389974
0.73862094
0.012366582
0.75400007
0.97117406
0.009728953
0.01583676
0.48452455
0.0015147842
0.13908881
0.86303794
0.0008788212
0.7805283
0.00015526176
0.002552427
0.00054068497
0.00016359646
0.002566109
0.0045843124
5.296559e-06
0.6550107
0.3609167
0.0024343503
0.004816516
0.8566857
0.13252625
1.7437216e-06
0.98066837
0.7711422
0.00043280429
0.23289724
0.0007054489
0.00027231837
0.0010490522
0.9999809
