0.9999976
1.0
0.9587265
0.009585757
0.99529016
5.1323973e-06
0.40519938
0.9652004
0.99930584
0.9969868
0.8401334
0.82059646
0.00055867934
0.99746907
0.3450445
0.99999976
1.0
0.999985
1.1017698e-08
0.36852473
0.99572694
0.9994678
0.99879754
1.1037411e-07
0.9999659
0.9998388
6.035544e-06
0.01253441
0.9570006
0.97680044
0.9986519
0.8456242
0.0007533183
0.98611164
0.82857937
0.78565806
0.04697705
0.37430924
0.9999982
0.23236227
0.0660561
0.0021128664
0.9999999
0.7762247
0.9953133
0.56332695
0.99448794
0.14654936
0.8834902
0.12219063
0.99878377
0.46860218
0.9999447
0.99999523
1.0
1.5365077e-06
0.0014022513
0.96741384
0.9205937
0.124277785
0.33657217
0.037915964
0.94325125
0.999987
0.024490394
0.99999917
0.99908364
0.021759378
0.99999475
0.010092963
0.9867526
0.99916947
0.40157393
2.8604447e-05
0.0008328786
0.0019657155
0.9999889
0.9901681
0.7540206
0.97030985
0.99985194
0.00853316
0.00317805
0.9169088
0.69528717
0.999998
0.99990857
0.08210601
0.9999995
0.045912687
0.87687033
4.711731e-05
0.00086647
3.2579253e-09
0.94598585
3.4976794e-05
0.143716
1.3814745e-05
0.51636875
0.00010104954
0.7370053
0.9985372
0.005217527
0.9812227
0.99999964
0.8775321
0.9999821
0.9811126
0.00034621762
0.9999995
0.9657398
0.41656315
0.18659005
0.9328719
0.9937511
0.096019484
0.90004146
6.9997253e-07
0.9965
0.36025962
0.99394244
0.97815293
0.99865973
0.0060075666
0.0026686674
0.5301458
0.9973584
0.24280125
0.9945556
0.99999905
0.99798584
0.90528435
0.9999974
0.9791095
0.99995744
0.915968
0.78922266
1.0
0.0013305316
0.99327713
0.7358602
0.9997793
0.0242794
0.9997824